1:(137, 169) (336, 667)
2:(135, 168) (334, 667)
3:(134, 168) (332, 666)
4:(133, 168) (331, 666)
5:(132, 168) (330, 666)
6:(132, 167) (330, 665)
7:(132, 167) (330, 665)
8:(132, 167) (330, 663)
9:(133, 166) (331, 663)
10:(135, 167) (333, 663)
11:(138, 167) (335, 663)
12:(141, 175) (339, 671)
13:(145, 176) (343, 674)
14:(149, 177) (347, 675)
15:(153, 179) (351, 677)
16:(157, 180) (356, 679)
17:(163, 181) (362, 681)
18:(168, 183) (367, 682)
19:(174, 185) (373, 684)
20:(179, 186) (379, 687)
21:(184, 186) (385, 690)
22:(190, 187) (391, 690)
